flag,area,confirmed,suspected,cured,dead
-1,武汉来京,2,0,0,0
110000,北京市,14,0,0,0
110102,西城区,2,0,0,0
110105,朝阳区,1,0,0,0
110106,丰台区,1,0,0,0
110107,石景山区,1,0,0,0
110108,海淀区,2,0,0,0
110112,通州区,1,0,0,0
110114,昌平区,2,0,0,0
110115,大兴区,2,0,0,0
120000,天津市,4,0,0,0
130000,河北省,1,0,0,0
130100,石家庄市,1,0,0,0
140000,山西省,1,0,0,0
140100,太原市,1,0,0,0
210000,辽宁省,2,0,0,0
210100,沈阳市,1,0,0,0
210200,大连市,1,0,0,0
220000,吉林省,1,0,0,0
220100,长春市,1,0,0,0
230000,黑龙江省,1,0,0,0
231000,牡丹江市,1,0,0,0
310000,上海市,16,22,0,0
320000,江苏省,1,0,0,0
320500,苏州市,1,0,0,0
330000,浙江省,10,0,0,0
330100,杭州市,1,0,0,0
330200,宁波市,3,0,0,0
330300,温州市,4,0,0,0
330900,舟山市,1,0,0,0
331000,台州市,1,0,0,0
340000,安徽省,1,4,0,0
340100,合肥市,1,3,0,0
341500,六安市,0,1,0,0
350000,福建省,1,0,0,0
350100,福州市,1,0,0,0
360000,江西省,3,0,0,0
360100,南昌市,1,0,0,0
360300,萍乡市,1,0,0,0
361000,抚州市,1,0,0,0
370000,山东省,6,0,0,0
370200,青岛市,3,0,0,0
371000,威海市,1,0,0,0
371300,临沂市,2,0,0,0
410000,河南省,5,0,0,0
410100,郑州市,2,0,0,0
410181,巩义市,1,0,0,0
410300,洛阳市,1,0,0,0
411200,三门峡市,1,0,0,0
420000,湖北省,444,0,28,17
420100,武汉市,405,0,27,11
420800,荆门市,1,0,0,0
421000,荆州市,6,0,0,0
421100,黄冈市,12,0,0,0
430000,湖南省,4,0,0,0
430100,长沙市,1,0,0,0
431200,怀化市,3,0,0,0
440000,广东省,32,0,0,0
440100,广州市,5,0,0,0
440200,韶关市,2,0,0,0
440300,深圳市,15,0,0,0
440400,珠海市,4,0,0,0
440600,佛山市,1,0,0,0
440800,湛江市,2,0,0,0
441200,肇庆市,1,0,0,0
441300,惠州市,1,0,0,0
442000,中山市,1,0,0,0
450000,广西壮族自治区,2,1,0,0
450200,柳州市,0,1,0,0
450400,梧州市,1,0,0,0
450500,北海市,1,0,0,0
460000,海南省,5,32,0,0
460100,海口市,1,10,0,0
460200,三亚市,2,8,0,0
460400,儋州市,0,3,0,0
469001,五指山市,0,2,0,0
469002,琼海市,0,1,0,0
469005,文昌市,0,1,0,0
469006,万宁市,1,1,0,0
469007,东方市,0,1,0,0
469024,临高县,1,2,0,0
469026,昌江黎族自治县,0,2,0,0
469030,琼中黎族苗族自治县,0,1,0,0
500000,重庆市,9,0,0,0
500101,万州区,2,0,0,0
500102,涪陵区,1,0,0,0
500115,长寿区,1,0,0,0
500118,永川区,2,0,0,0
500231,垫江县,1,0,0,0
500237,巫山县,2,0,0,0
510000,四川省,5,2,0,0
510100,成都市,2,2,0,0
510700,绵阳市,2,0,0,0
511600,广安市,1,0,0,0
520000,贵州省,3,0,0,0
520100,贵阳市,1,0,0,0
520600,铜仁市,1,0,0,0
522700,黔南布依族苗族自治州,1,0,0,0
640000,宁夏回族自治区,1,0,0,0
640100,银川市,1,0,0,0
710000,台湾省,1,0,0,0
810000,香港特别行政区,1,0,0,0
820000,澳门特别行政区,1,0,0,0
000000,全国,575,61,28,17