flag,area,confirmed,suspected,cured,dead
000000,中国,68584,8228,9518,1666
540000,西藏自治区,1,0,1,
540100,拉萨市,1,0,1,0
820000,澳门特别行政区,10,0,3,
630000,青海省,18,0,13,
630100,西宁市,15,0,9,0
632200,海北藏族自治州,3,0,0,0
-1,,0,0,4,0
710000,台湾省,18,0,2,
810000,香港特别行政区,56,0,1,1
520000,贵州省,144,0,37,1
520200,六盘水市,10,0,3,1
-1,,23,0,6,0
522300,黔西南布依族苗族自治州,4,0,4,0
522700,黔南布依族苗族自治州,17,0,5,0
522600,黔东南苗族侗族自治州,10,0,3,0
520100,贵阳市,34,0,6,0
520600,铜仁市,10,0,7,0
520300,遵义市,32,0,3,0
520400,安顺市,4,0,0,0
220000,吉林省,89,0,28,1
222400,延边朝鲜族自治州,5,0,2,0
220300,四平市,14,0,4,1
220521,通化县,3,0,0,0
220200,吉林市,5,0,3,0
220381,公主岭市,6,0,2,0
220700,松原市,2,0,1,0
220100,长春市,45,0,14,0
220400,辽源市,7,0,1,0
220800,白城市,1,0,0,0
220581,梅河口市,1,0,1,0
650000,新疆维吾尔自治区,71,0,11,1
650121,乌鲁木齐县,23,0,3,0
654003,奎屯市,1,0,1,0
659001,石河子市,3,0,1,0
650400,吐鲁番市,3,0,1,0
654000,伊犁哈萨克自治州,16,0,4,0
652900,阿克苏地区,1,0,1,0
654221,额敏县,4,0,0,0
652301,昌吉市,4,0,0,0
659004,五家渠市,2,0,0,0
652800,巴音郭楞蒙古自治州,3,0,0,0
-1,,1,0,0,0
654002,伊宁市,10,0,0,0
-1,,0,0,0,1
640000,宁夏回族自治区,70,0,33,
640500,中卫市,3,0,3,0
640300,吴忠市,27,0,6,0
640100,银川市,33,0,20,0
-1,,1,0,1,0
640400,固原市,5,0,2,0
640200,石嘴山市,1,0,1,0
150000,内蒙古自治区,70,0,7,
152500,锡林郭勒盟,6,0,1,0
150200,包头市,11,0,0,0
150700,呼伦贝尔市,6,0,1,0
150100,呼和浩特市,7,0,0,0
152200,兴安盟,1,0,0,0
150800,巴彦淖尔市,8,0,0,0
150400,赤峰市,9,0,2,0
150500,通辽市,6,0,0,0
150600,鄂尔多斯市,11,0,3,0
150900,乌兰察布市,3,0,0,0
150300,乌海市,2,0,0,0
620000,甘肃省,90,0,49,2
620800,平凉市,9,0,1,0
620300,金昌市,1,0,1,0
620500,天水市,12,0,9,0
620700,张掖市,2,0,2,0
621200,陇南市,4,0,3,0
620402,白银区,4,0,1,0
622921,临夏县,3,0,3,0
620100,兰州市,35,0,17,2
621100,定西市,9,0,8,0
623000,甘南藏族自治州,8,0,2,0
621000,庆阳市,3,0,2,0
120000,天津市,122,0,37,3
120106,红桥区,2,0,2,0
120101,和平区,6,0,2,0
120116,滨海新区,3,0,0,0
120111,西青区,4,0,2,0
120104,南开区,6,0,1,0
120102,河东区,14,0,7,0
120105,河北区,12,0,7,0
120103,河西区,4,0,2,0
-1,,6,0,2,0
120117,宁河区,4,0,0,0
120115,宝坻区,48,0,9,1
120110,东丽区,4,0,1,0
120112,津南区,1,0,0,0
120113,北辰区,6,0,1,0
120114,武清区,2,0,1,0
-1,,0,0,0,2
140000,山西省,128,0,46,
140600,朔州市,7,0,2,0
140700,晋中市,35,0,12,0
140800,运城市,19,0,13,0
140300,阳泉市,4,0,0,0
141100,吕梁市,6,0,6,0
140200,大同市,12,0,4,0
140400,长治市,8,0,0,0
141000,临汾市,2,0,1,0
140100,太原市,19,0,6,0
140500,晋城市,9,0,2,0
140900,忻州市,7,0,0,0
210000,辽宁省,120,0,34,1
211321,朝阳县,6,0,2,0
211221,铁岭县,7,0,1,0
211400,葫芦岛市,11,0,0,1
210700,锦州市,12,0,6,0
210200,大连市,18,0,5,0
210800,营口市,1,0,1,0
210600,丹东市,7,0,4,0
210100,沈阳市,28,0,12,0
211021,辽阳县,3,0,2,0
211100,盘锦市,11,0,0,0
210521,本溪满族自治县,3,0,1,0
210300,鞍山市,4,0,0,0
210921,阜新蒙古族自治县,8,0,0,0
230000,黑龙江省,445,0,72,11
230400,鹤岗市,5,0,2,0
230900,七台河市,16,0,4,0
232700,大兴安岭地区,2,0,0,0
230800,佳木斯市,15,0,11,0
231000,牡丹江市,12,0,1,0
230300,鸡西市,46,0,1,0
231200,绥化市,46,0,12,4
230200,齐齐哈尔市,38,0,8,1
230500,双鸭山市,49,0,1,2
230100,哈尔滨市,182,0,27,3
230600,大庆市,19,0,2,1
231100,黑河市,14,0,0,0
230700,伊春市,1,0,0,0
-1,,0,0,3,0
460000,海南省,162,0,39,4
469028,陵水黎族自治县,4,0,0,0
469030,琼中黎族苗族自治县,1,0,1,0
469002,琼海市,6,0,1,1
460400,儋州市,15,0,2,0
469006,万宁市,13,0,3,0
469007,东方市,3,0,2,0
469024,临高县,6,0,3,0
460100,海口市,33,0,9,0
469023,澄迈县,9,0,1,1
460200,三亚市,54,0,15,1
469026,昌江黎族自治县,7,0,0,0
469021,定安县,3,0,1,1
469027,乐东黎族自治县,2,0,0,0
469005,文昌市,3,0,1,0
469029,保亭黎族苗族自治县,3,0,0,0
130000,河北省,300,0,100,3
130700,张家口市,34,0,9,0
130600,保定市,32,0,19,0
130521,邢台县,22,0,10,1
130900,沧州市,47,0,14,2
130100,石家庄市,28,0,7,0
130821,承德县,7,0,2,0
131000,廊坊市,30,0,14,0
130400,邯郸市,31,0,9,0
131100,衡水市,8,0,4,0
130200,唐山市,51,0,9,0
130300,秦皇岛市,10,0,3,0
610000,陕西省,236,0,64,
610800,榆林市,3,0,1,0
610100,西安市,114,0,21,0
610400,咸阳市,17,0,5,0
611000,商洛市,7,0,1,0
610900,安康市,24,0,5,0
610600,延安市,8,0,6,0
610581,韩城市,1,0,1,0
610700,汉中市,25,0,1,0
610300,宝鸡市,13,0,7,0
610500,渭南市,15,0,1,0
610200,铜川市,8,0,4,0
610403,杨陵区,1,0,0,0
-1,,0,0,11,0
530000,云南省,169,0,42,
530700,丽江市,7,0,5,0
532529,红河县,8,0,3,0
532901,大理市,13,0,6,0
530500,保山市,9,0,2,0
530600,昭通市,25,0,2,0
533100,德宏傣族景颇族自治州,5,0,2,0
530300,曲靖市,13,0,5,0
532800,西双版纳傣族自治州,15,0,3,0
530400,玉溪市,14,0,3,0
530800,普洱市,4,0,1,0
530100,昆明市,49,0,8,0
530900,临沧市,1,0,1,0
532301,楚雄市,4,0,1,0
532601,文山市,2,0,0,0
450000,广西壮族自治区,237,0,46,2
450300,桂林市,31,0,10,0
451200,河池市,22,0,0,1
450100,南宁市,50,0,11,0
450600,防城港市,18,0,1,0
451100,贺州市,4,0,0,0
450200,柳州市,24,0,8,0
450900,玉林市,10,0,1,0
450500,北海市,43,0,7,1
450700,钦州市,8,0,1,0
450400,梧州市,5,0,5,0
451000,百色市,3,0,0,0
450800,贵港市,8,0,2,0
451300,来宾市,11,0,0,0
350000,福建省,287,0,77,0
350200,厦门市,34,0,5,0
350700,南平市,20,0,5,0
350300,莆田市,55,0,12,0
350500,泉州市,46,0,13,0
350600,漳州市,20,0,6,0
350400,三明市,13,0,3,0
350900,宁德市,25,0,6,0
350800,龙岩市,6,0,1,0
350100,福州市,68,0,20,0
-1,,0,0,6,0
310000,上海市,328,0,140,1
310114,嘉定区,9,0,2,0
-1,,109,0,48,0
310117,松江区,14,0,2,0
310101,黄浦区,6,0,2,0
310105,长宁区,13,0,6,0
310118,青浦区,5,0,4,0
310112,闵行区,18,0,7,0
310106,静安区,16,0,7,0
310109,虹口区,7,0,3,0
310113,宝山区,21,0,5,0
310115,浦东新区,57,0,27,0
310110,杨浦区,9,0,2,0
310104,徐汇区,18,0,4,0
310120,奉贤区,9,0,1,0
310116,金山区,3,0,2,0
310107,普陀区,11,0,2,0
310151,崇明区,3,0,0,0
-1,,0,0,16,1
110000,北京市,380,0,105,4
110101,东城区,12,0,1,0
110108,海淀区,60,0,0,0
110115,大兴区,39,0,2,0
110105,朝阳区,58,0,0,0
110106,丰台区,39,0,0,0
110109,门头沟区,3,0,0,0
110112,通州区,18,0,0,0
110113,顺义区,10,0,0,0
110107,石景山区,14,0,1,0
110102,西城区,46,0,0,0
110116,怀柔区,7,0,0,0
110114,昌平区,25,0,0,0
-1,,26,0,2,0
-1,,0,0,99,4
110111,房山区,15,0,0,0
110119,延庆区,1,0,0,0
110118,密云区,7,0,0,0
320000,江苏省,617,0,209,
320300,徐州市,78,0,23,0
321000,扬州市,22,0,7,0
321300,宿迁市,13,0,7,0
321100,镇江市,12,0,4,0
320700,连云港市,48,0,12,0
320200,无锡市,53,0,18,0
321200,泰州市,37,0,16,0
320900,盐城市,27,0,9,0
320803,淮安区,63,0,23,0
320600,南通市,40,0,15,0
320100,南京市,92,0,29,0
320400,常州市,46,0,20,0
320500,苏州市,86,0,26,0
510000,四川省,481,0,130,3
510900,遂宁市,12,0,4,0
511700,达州市,36,0,5,0
511000,内江市,22,0,5,0
511602,广安区,30,0,10,0
511500,宜宾市,11,0,6,0
513400,凉山彝族自治州,13,0,5,0
511100,乐山市,3,0,2,0
511400,眉山市,8,0,2,0
510600,德阳市,17,0,0,0
511900,巴中市,24,0,3,0
510100,成都市,140,0,49,3
511300,南充市,35,0,9,0
510500,泸州市,19,0,2,0
510700,绵阳市,22,0,6,0
513328,甘孜县,50,0,3,0
510800,广元市,6,0,3,0
512000,资阳市,3,0,2,0
510300,自贡市,9,0,2,0
511800,雅安市,7,0,2,0
510400,攀枝花市,13,0,10,0
513231,阿坝县,1,0,0,0
370000,山东省,537,0,164,2
371000,威海市,38,0,9,0
370900,泰安市,32,0,5,0
370100,济南市,47,0,11,0
370400,枣庄市,24,0,4,0
370800,济宁市,51,0,18,0
371300,临沂市,47,0,29,0
370200,青岛市,57,0,22,1
371100,日照市,16,0,3,0
371700,菏泽市,18,0,11,0
371500,聊城市,38,0,10,0
371600,滨州市,14,0,9,0
370700,潍坊市,43,0,9,0
371400,德州市,37,0,7,1
370600,烟台市,46,0,13,0
370300,淄博市,29,0,4,0
360000,江西省,925,0,239,1
360821,吉安县,21,0,9,0
361100,上饶市,123,0,31,0
360400,九江市,117,0,22,0
360500,新余市,129,0,37,0
361000,抚州市,72,0,20,0
360600,鹰潭市,18,0,3,0
360900,宜春市,104,0,20,0
360200,景德镇市,5,0,1,0
360300,萍乡市,32,0,4,0
360700,赣州市,76,0,17,1
360121,南昌县,227,0,75,0
-1,,1,0,0,0
500000,重庆市,544,0,184,5
500236,奉节县,20,0,5,0
-1,,1,0,1,0
500118,永川区,5,0,2,0
-1,,17,0,7,0
500112,渝北区,15,0,5,0
500154,开州区,20,0,12,1
500230,丰都县,10,0,3,0
500237,巫山县,10,0,5,0
500111,大足区,14,0,2,0
500233,忠县,20,0,9,0
500235,云阳县,23,0,16,0
500120,璧山区,8,0,4,0
500107,九龙坡区,20,0,7,1
500152,潼南区,18,0,2,0
500104,大渡口区,7,0,4,0
500155,梁平区,4,0,4,0
500241,秀山土家族苗族自治县,1,0,1,0
500101,万州区,105,0,34,3
500108,南岸区,15,0,2,0
500240,石柱土家族自治县,14,0,5,0
500102,涪陵区,3,0,1,0
500105,江北区,27,0,3,0
500110,綦江区,23,0,5,0
500238,巫溪县,13,0,8,0
500115,长寿区,20,0,9,0
500229,城口县,2,0,2,0
500117,合川区,23,0,6,0
500231,垫江县,20,0,5,0
500116,江津区,4,0,2,0
500114,黔江区,2,0,2,0
500103,渝中区,20,0,7,0
500113,巴南区,6,0,1,0
500151,铜梁区,9,0,2,0
500153,荣昌区,9,0,0,0
500106,沙坪坝区,8,0,0,0
-1,,4,0,1,0
-1,,2,0,0,0
-1,,1,0,0,0
-1,,1,0,0,0
340000,安徽省,962,0,249,6
340800,安庆市,82,0,34,0
340221,芜湖县,31,0,13,0
341600,亳州市,108,0,35,0
341003,黄山区,9,0,1,0
340600,淮北市,26,0,10,0
340300,蚌埠市,157,0,9,5
340500,马鞍山市,36,0,10,0
340700,铜陵市,28,0,10,0
341700,池州市,17,0,6,0
341300,宿州市,39,0,13,0
340100,合肥市,169,0,43,1
341800,宣城市,6,0,4,0
341100,滁州市,13,0,7,0
341200,阜阳市,152,0,32,0
340400,淮南市,24,0,7,0
341500,六安市,65,0,15,0
430000,湖南省,1004,0,452,3
430421,衡阳县,47,0,28,0
431300,娄底市,75,0,34,0
430321,湘潭县,35,0,14,0
431100,永州市,43,0,27,0
430700,常德市,79,0,31,0
430800,张家界市,5,0,4,0
430621,岳阳县,154,0,54,1
430200,株洲市,78,0,29,0
430121,长沙县,241,0,89,1
430523,邵阳县,101,0,59,1
433100,湘西土家族苗族自治州,8,0,6,0
431000,郴州市,39,0,22,0
431200,怀化市,40,0,30,0
430900,益阳市,59,0,25,0
410000,河南省,1231,0,408,13
410522,安阳县,51,0,18,0
411500,信阳市,261,0,74,2
411600,周口市,71,0,25,0
410200,开封市,26,0,7,0
411000,许昌市,38,0,6,0
410928,濮阳县,17,0,2,0
411100,漯河市,34,0,12,0
410100,郑州市,148,0,64,0
411200,三门峡市,7,0,4,0
411700,驻马店市,138,0,64,0
411300,南阳市,151,0,50,2
410600,鹤壁市,19,0,5,0
411400,商丘市,91,0,30,2
410300,洛阳市,31,0,10,0
410721,新乡县,56,0,10,2
410800,焦作市,30,0,7,1
410400,平顶山市,58,0,20,1
419001,济源市,4,0,0,0
-1,,0,0,0,3
440000,广东省,1316,0,436,2
441200,肇庆市,17,0,8,1
440400,珠海市,96,0,37,0
441600,河源市,3,0,1,0
440600,佛山市,84,0,23,0
441800,清远市,12,0,7,0
441500,汕尾市,5,0,1,0
440900,茂名市,13,0,3,0
441700,阳江市,13,0,7,0
440800,湛江市,22,0,11,0
442000,中山市,65,0,34,0
441300,惠州市,58,0,26,0
445200,揭阳市,8,0,4,0
441400,梅州市,16,0,7,0
440300,深圳市,414,0,115,0
440500,汕头市,25,0,11,0
440700,江门市,23,0,3,0
440200,韶关市,10,0,4,0
441900,东莞市,89,0,10,1
440100,广州市,338,0,121,0
445100,潮州市,5,0,1,0
-1,,0,0,2,0
330000,浙江省,1167,0,437,
331000,台州市,146,0,60,0
330400,嘉兴市,43,0,11,0
330500,湖州市,10,0,4,0
330900,舟山市,10,0,5,0
330600,绍兴市,42,0,17,0
330200,宁波市,155,0,53,0
330100,杭州市,166,0,75,0
330700,金华市,55,0,24,0
331100,丽水市,17,0,10,0
330300,温州市,502,0,169,0
330800,衢州市,21,0,9,0
420000,湖北省,56249,0,5623,1596
429004,仙桃市,523,0,87,17
429006,天门市,447,0,27,10
421300,随州市,1254,0,113,22
421200,咸宁市,852,0,152,8
420300,十堰市,602,0,116,2
422801,恩施市,247,0,76,4
420600,襄阳市,1144,0,114,19
421003,荆州区,1490,0,263,36
429021,神农架林区,10,0,8,0
420500,宜昌市,901,0,140,21
429005,潜江市,166,0,12,6
420100,武汉市,39462,0,2915,1233
421100,黄冈市,2823,0,716,75
420900,孝感市,3201,0,353,65
420202,黄石港区,988,0,192,14
420800,荆门市,909,0,117,30
420700,鄂州市,1230,0,222,34